torch 1
100
0
1
1
-1
-1
16 1 0 0 0
bx 3
200
1
1
2
-1
-1
16 1 0 0 0
g 5
100
0
1
5
-1
-1
16 1 0 0 0
tut 6
100
0
1
1
-1
-1
16 1 0 0 0
b 7
100
0
1
5
-1
-1
16 1 0 0 0
portal 9
100
0
1
5
-1
-1
16 1 0 0 0
j 11
100
0
1
4
-1
-1
16 1 0 0 0
l 12
100
0
1
4
-1
-1
16 1 0 0 0
light 13
100
1
1
1
-1
-1
16 1 1 0 0
plant 14
100
0
1
10
-1
-1
48 1 0 0 0
bg_cloud 15
100
0
1
4
-1
-1
16 1 0 1 0
rocky 16
100
0
1
6
-1
-1
16 1 0 0 0
box 17
100
0
1
1
-1
-1
16 1 0 0 0
tree 18
100
0
1
1
-1
-1
16 1 0 0 0
elf 19
100
1
1
6
-1
-1
16 1 0 0 1
dwarf 20
100
0
1
3
-1
-1
16 1 0 0 0
cow 21
100
1
1
14
-1
-1
16 1 0 0 0
chicken 22
100
0
1
3
-1
-1
16 1 0 0 0
terrance 23
100
0
1
4.8
-1
-1
16 1 0 0 0
howard 24
100
0
1
4
-1
-1
16 1 0 0 0
todd 25
100
0
1
4
-1
-1
16 1 0 0 0
brotho 26
100
0
1
2.5
-1
-1
16 1 0 0 0
testnpc 27
100
0
1
4
-1
-1
16 1 0 0 0
recursion 28
100
0
1
3
-1
-1
16 1 0 0 0
